[gd_scene load_steps=18 format=2]

[ext_resource path="res://assets/ui/MainMenu.tscn" type="PackedScene" id=1]
[ext_resource path="res://MainScene.gd" type="Script" id=2]
[ext_resource path="res://Library.tscn" type="PackedScene" id=3]
[ext_resource path="res://assets/sound/room_tone.ogg" type="AudioStream" id=4]
[ext_resource path="res://assets/materials/book_material.tres" type="Material" id=5]
[ext_resource path="res://assets/materials/stairs_material.tres" type="Material" id=6]
[ext_resource path="res://assets/materials/page_turn_material.tres" type="Material" id=7]
[ext_resource path="res://assets/materials/wood_material.tres" type="Material" id=8]
[ext_resource path="res://assets/materials/light_material.tres" type="Material" id=9]
[ext_resource path="res://assets/materials/floor_material.tres" type="Material" id=10]
[ext_resource path="res://assets/materials/wall_material.tres" type="Material" id=11]
[ext_resource path="res://assets/props/PortalPlane.tscn" type="PackedScene" id=12]
[ext_resource path="res://assets/materials/selection_highlight_material.tres" type="Material" id=13]
[ext_resource path="res://assets/props/HeldBook.tscn" type="PackedScene" id=14]

[sub_resource type="PlaneMesh" id=3]

[sub_resource type="Animation" id=2]
length = 0.001
tracks/0/type = "value"
tracks/0/path = NodePath("TransitionRect:color")
tracks/0/interp = 1
tracks/0/loop_wrap = true
tracks/0/imported = false
tracks/0/enabled = true
tracks/0/keys = {
"times": PoolRealArray( 0 ),
"transitions": PoolRealArray( 1 ),
"update": 0,
"values": [ Color( 0, 0, 0, 0 ) ]
}
tracks/1/type = "value"
tracks/1/path = NodePath("TransitionRect:visible")
tracks/1/interp = 1
tracks/1/loop_wrap = true
tracks/1/imported = false
tracks/1/enabled = true
tracks/1/keys = {
"times": PoolRealArray( 0 ),
"transitions": PoolRealArray( 1 ),
"update": 0,
"values": [ false ]
}

[sub_resource type="Animation" id=1]
resource_name = "SceneTransition"
length = 2.0
tracks/0/type = "value"
tracks/0/path = NodePath("TransitionRect:color")
tracks/0/interp = 2
tracks/0/loop_wrap = true
tracks/0/imported = false
tracks/0/enabled = true
tracks/0/keys = {
"times": PoolRealArray( 0, 1, 2 ),
"transitions": PoolRealArray( 1, 1, 1 ),
"update": 0,
"values": [ Color( 0, 0, 0, 0 ), Color( 0, 0, 0, 1 ), Color( 0, 0, 0, 0 ) ]
}
tracks/1/type = "method"
tracks/1/path = NodePath(".")
tracks/1/interp = 1
tracks/1/loop_wrap = true
tracks/1/imported = false
tracks/1/enabled = true
tracks/1/keys = {
"times": PoolRealArray( 1 ),
"transitions": PoolRealArray( 1 ),
"values": [ {
"args": [  ],
"method": "transition_scenes"
} ]
}
tracks/2/type = "value"
tracks/2/path = NodePath("TransitionRect:visible")
tracks/2/interp = 1
tracks/2/loop_wrap = true
tracks/2/imported = false
tracks/2/enabled = true
tracks/2/keys = {
"times": PoolRealArray( 0, 2 ),
"transitions": PoolRealArray( 1, 1 ),
"update": 1,
"values": [ true, false ]
}

[node name="Node" type="Node"]
script = ExtResource( 2 )
main_scene = ExtResource( 3 )
held_book_preload_path = NodePath("MainMenu/Shader Preloads/animated_book")

[node name="MainMenu" parent="." instance=ExtResource( 1 )]

[node name="Shader Preloads" type="Spatial" parent="MainMenu"]

[node name="Book" type="MeshInstance" parent="MainMenu/Shader Preloads"]
transform = Transform( 0.863538, -0.503662, 0.0250482, -0.00572907, -0.059466, -0.998214, 0.504252, 0.861852, -0.0542367, 2.34254, 1.55718, -6.69213 )
mesh = SubResource( 3 )
skeleton = NodePath("../../..")
material/0 = ExtResource( 5 )

[node name="Floor" type="MeshInstance" parent="MainMenu/Shader Preloads"]
transform = Transform( 0.863538, -0.503662, 0.0250482, -0.00572907, -0.059466, -0.998214, 0.504252, 0.861852, -0.0542367, 1.94539, 1.51029, -6.01254 )
mesh = SubResource( 3 )
skeleton = NodePath("../../..")
material/0 = ExtResource( 10 )

[node name="Light" type="MeshInstance" parent="MainMenu/Shader Preloads"]
transform = Transform( 0.863538, -0.503662, 0.0250482, -0.00572907, -0.059466, -0.998214, 0.504252, 0.861852, -0.0542367, 2.59092, 1.58651, -7.11715 )
mesh = SubResource( 3 )
skeleton = NodePath("../../..")
material/0 = ExtResource( 9 )

[node name="Page" type="MeshInstance" parent="MainMenu/Shader Preloads"]
transform = Transform( 0.863538, -0.503662, 0.0250482, -0.00572907, -0.059466, -0.998214, 0.504252, 0.861852, -0.0542367, 1.78804, 1.49171, -5.74329 )
mesh = SubResource( 3 )
skeleton = NodePath("../../..")
material/0 = ExtResource( 7 )

[node name="Stairs" type="MeshInstance" parent="MainMenu/Shader Preloads"]
transform = Transform( 0.863538, -0.503662, 0.0250482, -0.00572907, -0.059466, -0.998214, 0.504252, 0.861852, -0.0542367, 1.55964, 1.46475, -5.35246 )
mesh = SubResource( 3 )
skeleton = NodePath("../../..")
material/0 = ExtResource( 6 )

[node name="Selection" type="MeshInstance" parent="MainMenu/Shader Preloads"]
transform = Transform( 0.863538, -0.503662, 0.0250482, -0.00572907, -0.059466, -0.998214, 0.504252, 0.861852, -0.0542367, 3.59532, 1.70509, -8.83585 )
mesh = SubResource( 3 )
skeleton = NodePath("../../..")
material/0 = ExtResource( 13 )

[node name="Wall" type="MeshInstance" parent="MainMenu/Shader Preloads"]
transform = Transform( 0.863538, -0.503662, 0.0250482, -0.00572907, -0.059466, -0.998214, 0.504252, 0.861852, -0.0542367, 2.8738, 1.61991, -7.6012 )
mesh = SubResource( 3 )
skeleton = NodePath("../../..")
material/0 = ExtResource( 11 )

[node name="Wood" type="MeshInstance" parent="MainMenu/Shader Preloads"]
transform = Transform( 0.863538, -0.503662, 0.0250482, -0.00572907, -0.059466, -0.998214, 0.504252, 0.861852, -0.0542367, 3.21771, 1.66051, -8.1897 )
mesh = SubResource( 3 )
skeleton = NodePath("../../..")
material/0 = ExtResource( 8 )

[node name="PortalPlane" parent="MainMenu/Shader Preloads" instance=ExtResource( 12 )]
transform = Transform( 0.850224, 0, -0.526422, 0, 1, 0, 0.526422, 0, 0.850224, 4.23443, 1.43589, -8.87644 )

[node name="animated_book" parent="MainMenu/Shader Preloads" instance=ExtResource( 14 )]
transform = Transform( 1, 0, 0, 0, 1, 0, 0, 0, 1, 4.71843, 1.37941, -10.3634 )

[node name="TransitionRect" type="ColorRect" parent="."]
visible = false
anchor_right = 1.0
anchor_bottom = 1.0
color = Color( 0, 0, 0, 0 )
__meta__ = {
"_edit_use_anchors_": false
}

[node name="AnimationPlayer" type="AnimationPlayer" parent="."]
anims/RESET = SubResource( 2 )
anims/SceneTransition = SubResource( 1 )

[node name="AudioStreamPlayer" type="AudioStreamPlayer" parent="."]
stream = ExtResource( 4 )
volume_db = -20.17
autoplay = true
bus = "SFX"

[connection signal="start_game" from="MainMenu" to="." method="_on_MainMenu_start_game"]
