[gd_scene load_steps=3 format=2]

[ext_resource path="res://blender/library_room_post.tscn" type="PackedScene" id=1]
[ext_resource path="res://blender/shelf_post.tscn" type="PackedScene" id=2]

[node name="LibraryRoom" type="Spatial"]
transform = Transform( 1, 0, 0, 0, 1, 0, 0, 0, 1, 0, 0.2, 0 )

[node name="library_room" parent="." instance=ExtResource( 1 )]

[node name="shelf1" parent="." instance=ExtResource( 2 )]
transform = Transform( 0.707107, 0, 0.707107, 0, 1, 0, -0.707107, 0, 0.707107, 7.072, 0, 7.072 )

[node name="shelf2" parent="." instance=ExtResource( 2 )]
transform = Transform( 0.707107, 0, -0.707107, 0, 1, 0, 0.707107, 0, 0.707107, -7.072, 0, 7.072 )

[node name="shelf3" parent="." instance=ExtResource( 2 )]
transform = Transform( -0.707107, 0, -0.707107, 0, 1, 0, 0.707107, 0, -0.707107, -7.072, 0, -7.072 )

[node name="shelf4" parent="." instance=ExtResource( 2 )]
transform = Transform( -0.707107, 0, 0.707107, 0, 1, 0, -0.707107, 0, -0.707107, 7.072, 0, -7.072 )
