[gd_scene load_steps=5 format=2]

[ext_resource path="res://blender/library_room.glb" type="PackedScene" id=1]
[ext_resource path="res://blender/shelf_col.tscn" type="PackedScene" id=2]
[ext_resource path="res://rooms/LibraryRoom.lmbake" type="BakedLightmapData" id=3]

[sub_resource type="BoxShape" id=1]

[node name="LibraryRoom" type="Spatial"]

[node name="library_room" parent="." instance=ExtResource( 1 )]
transform = Transform( 1, 0, 0, 0, 1, 0, 0, 0, 1, -0.0285711, -4.76837e-07, 0.0021987 )

[node name="shelf1" parent="." instance=ExtResource( 2 )]
transform = Transform( 0.707107, 0, 0.707107, 0, 1, 0, -0.707107, 0, 0.707107, 7.071, 0.2, 7.071 )

[node name="shelf2" parent="." instance=ExtResource( 2 )]
transform = Transform( 0.707107, 0, -0.707107, 0, 1, 0, 0.707107, 0, 0.707107, -7.071, 0.2, 7.071 )

[node name="shelf3" parent="." instance=ExtResource( 2 )]
transform = Transform( -0.707107, 0, -0.707107, 0, 1, 0, 0.707107, 0, -0.707107, -7.071, 0.2, -7.071 )

[node name="shelf4" parent="." instance=ExtResource( 2 )]
transform = Transform( -0.707107, 0, 0.707107, 0, 1, 0, -0.707107, 0, -0.707107, 7.071, 0.2, -7.071 )

[node name="RoomArea" type="Area" parent="."]

[node name="CollisionShape" type="CollisionShape" parent="RoomArea"]
transform = Transform( 10, 0, 0, 0, 1.37, 0, 0, 0, 10, 0, 1.37, 0 )
shape = SubResource( 1 )

[node name="SpotLight1" type="SpotLight" parent="."]
transform = Transform( -0.707107, 0.707106, 3.09086e-08, 0, -4.37114e-08, 0.999999, 0.707107, 0.707106, 3.09086e-08, 3.65, 2.738, 3.65 )
light_bake_mode = 2
shadow_enabled = true
spot_range = 10.8324
spot_angle = 78.3

[node name="SpotLight2" type="SpotLight" parent="."]
transform = Transform( -0.707107, -0.707106, -3.09086e-08, 0, -4.37114e-08, 0.999999, -0.707107, 0.707106, 3.09086e-08, -3.65, 2.738, 3.65 )
light_bake_mode = 2
shadow_enabled = true
spot_range = 10.8324
spot_angle = 78.3

[node name="SpotLight3" type="SpotLight" parent="."]
transform = Transform( 0.707107, -0.707106, -3.09086e-08, 0, -4.37114e-08, 0.999999, -0.707107, -0.707106, -3.09086e-08, -3.65, 2.738, -3.65 )
light_bake_mode = 2
shadow_enabled = true
spot_range = 10.8324
spot_angle = 78.3

[node name="SpotLight4" type="SpotLight" parent="."]
transform = Transform( 0.707107, 0.707107, 3.09086e-08, 0, -4.37114e-08, 1, 0.707107, -0.707107, -3.09086e-08, 3.65, 2.738, -3.65 )
light_bake_mode = 2
shadow_enabled = true
spot_range = 11.416
spot_angle = 78.3

[node name="BakedLightmap" type="BakedLightmap" parent="."]
transform = Transform( 1, 0, 0, 0, 1, 0, 0, 0, 1, 0, 1.47, 0 )
extents = Vector3( 10, 1.47, 10 )
environment_mode = 1
capture_enabled = false
light_data = ExtResource( 3 )
