[gd_scene load_steps=16 format=2]

[ext_resource path="res://assets/materials/wall_material.tres" type="Material" id=1]
[ext_resource path="res://assets/blender/hex_vestibule_tile.glb" type="PackedScene" id=2]
[ext_resource path="res://assets/materials/stairs_material.tres" type="Material" id=3]
[ext_resource path="res://assets/materials/floor_material.tres" type="Material" id=4]
[ext_resource path="res://rooms/VestibuleTile.gd" type="Script" id=5]
[ext_resource path="res://scripts/RoomArea.gd" type="Script" id=6]
[ext_resource path="res://assets/props/FloorBooks.gd" type="Script" id=7]

[sub_resource type="BoxShape" id=1]
extents = Vector3( 1.091, 0.1, 1.972 )

[sub_resource type="BoxShape" id=2]
extents = Vector3( 0.818112, 0.05, 1.383 )

[sub_resource type="BoxShape" id=4]
extents = Vector3( 0.535071, 1.2, 0.05 )

[sub_resource type="BoxShape" id=5]
extents = Vector3( 1.41738, 1.2, 0.05 )

[sub_resource type="BoxShape" id=6]
extents = Vector3( 0.543442, 0.05, 2.07305 )

[sub_resource type="BoxShape" id=7]
extents = Vector3( 0.777586, 1.2, 0.03 )

[sub_resource type="CylinderShape" id=3]
height = 4.8
radius = 0.05

[sub_resource type="ConvexPolygonShape" id=8]
points = PoolVector3Array( 3.464, -0.1, 2, 0, -0.1, 4, -3.464, -0.1, 2, -3.464, -0.1, -2, 0, -0.1, -4, 3.464, -0.1, -2, 3.464, 2.3, 2, 0, 2.3, 4, -3.464, 2.3, 2, -3.464, 2.3, -2, 0, 2.3, -4, 3.464, 2.3, -2 )

[node name="hex_vestibule_tile" instance=ExtResource( 2 )]
script = ExtResource( 5 )
upper_room_area = NodePath("UpperRoomArea")
lower_room_area = NodePath("LowerRoomArea")
floor_books_path = NodePath("FloorBooks")

[node name="Vestibule" parent="." index="0"]
material/0 = ExtResource( 4 )
material/1 = ExtResource( 1 )

[node name="Stairs" parent="." index="1"]
material/0 = ExtResource( 3 )

[node name="LowerFloor" type="StaticBody" parent="." index="2"]
collision_layer = 19
collision_mask = 19

[node name="CollisionShape" type="CollisionShape" parent="LowerFloor" index="0"]
transform = Transform( 1, 0, 0, 0, 1, 0, 0, 0, 1, 2.37466, -0.1, 0 )
shape = SubResource( 1 )

[node name="CollisionShape2" type="CollisionShape" parent="LowerFloor" index="1"]
transform = Transform( 1, 0, 0, 0, 1, 0, 0, 0, 1, -2.375, -0.1, 0 )
shape = SubResource( 1 )

[node name="CollisionShape3" type="CollisionShape" parent="LowerFloor" index="2"]
transform = Transform( 0.496019, 0, 0.868311, 0, 1, 0, -0.868311, 0, 0.496019, -0.794348, -0.1, 1.96717 )
shape = SubResource( 2 )

[node name="CollisionShape4" type="CollisionShape" parent="LowerFloor" index="3"]
transform = Transform( 0.496019, 0, 0.868311, 0, 1, 0, -0.868311, 0, 0.496019, 0.791, -0.1, -1.961 )
shape = SubResource( 2 )

[node name="CollisionShape5" type="CollisionShape" parent="LowerFloor" index="4"]
transform = Transform( 0.500121, 0, -0.865955, 0, 1, 0, 0.865955, 0, 0.500121, 0.793743, -0.1, 1.96575 )
shape = SubResource( 2 )

[node name="CollisionShape6" type="CollisionShape" parent="LowerFloor" index="5"]
transform = Transform( 0.5, 0, -0.866025, 0, 1, 0, 0.866025, 0, 0.5, -0.794297, -0.1, -1.96671 )
shape = SubResource( 2 )

[node name="UpperFloor" type="StaticBody" parent="." index="3"]
transform = Transform( 0.5, 0, 0.866025, 0, 1, 0, -0.866025, 0, 0.5, 0, 2.4, 0 )
collision_layer = 19
collision_mask = 19

[node name="CollisionShape" type="CollisionShape" parent="UpperFloor" index="0"]
transform = Transform( 1, 0, 0, 0, 1, 0, 0, 0, 1, 2.37466, -0.1, 0 )
shape = SubResource( 1 )

[node name="CollisionShape2" type="CollisionShape" parent="UpperFloor" index="1"]
transform = Transform( 1, 0, 0, 0, 1, 0, 0, 0, 1, -2.375, -0.1, 0 )
shape = SubResource( 1 )

[node name="CollisionShape3" type="CollisionShape" parent="UpperFloor" index="2"]
transform = Transform( 0.496019, 0, 0.868311, 0, 1, 0, -0.868311, 0, 0.496019, -0.794348, -0.1, 1.96717 )
shape = SubResource( 2 )

[node name="CollisionShape4" type="CollisionShape" parent="UpperFloor" index="3"]
transform = Transform( 0.496019, 0, 0.868311, 0, 1, 0, -0.868311, 0, 0.496019, 0.791, -0.1, -1.961 )
shape = SubResource( 2 )

[node name="CollisionShape5" type="CollisionShape" parent="UpperFloor" index="4"]
transform = Transform( 0.500121, 0, -0.865955, 0, 1, 0, 0.865955, 0, 0.500121, 0.793743, -0.1, 1.96575 )
shape = SubResource( 2 )

[node name="CollisionShape6" type="CollisionShape" parent="UpperFloor" index="5"]
transform = Transform( 0.5, 0, -0.866025, 0, 1, 0, 0.866025, 0, 0.5, -0.794297, -0.1, -1.96671 )
shape = SubResource( 2 )

[node name="LowerWalls" type="StaticBody" parent="." index="4"]
collision_layer = 19
collision_mask = 19

[node name="CollisionShape" type="CollisionShape" parent="LowerWalls" index="0"]
transform = Transform( 1, 0, 0, 0, 1, 0, 0, 0, 1, 2.92739, 1.1, 2.02383 )
shape = SubResource( 4 )

[node name="CollisionShape2" type="CollisionShape" parent="LowerWalls" index="1"]
transform = Transform( 1, 0, 0, 0, 1, 0, 0, 0, 1, -2.927, 1.1, 2.024 )
shape = SubResource( 4 )

[node name="CollisionShape3" type="CollisionShape" parent="LowerWalls" index="2"]
transform = Transform( 1, 0, 0, 0, 1, 0, 0, 0, 1, -2.927, 1.1, -2.024 )
shape = SubResource( 4 )

[node name="CollisionShape4" type="CollisionShape" parent="LowerWalls" index="3"]
transform = Transform( 1, 0, 0, 0, 1, 0, 0, 0, 1, 2.927, 1.1, -2.024 )
shape = SubResource( 4 )

[node name="CollisionShape5" type="CollisionShape" parent="LowerWalls" index="4"]
transform = Transform( -0.869279, 0, 0.494321, 0, 1, 0, -0.494321, 0, -0.869279, 1.18664, 1.1, -2.71954 )
shape = SubResource( 5 )

[node name="CollisionShape6" type="CollisionShape" parent="LowerWalls" index="5"]
transform = Transform( -0.869279, 0, 0.494321, 0, 1, 0, -0.494321, 0, -0.869279, -1.187, 1.1, 2.72 )
shape = SubResource( 5 )

[node name="CollisionShape7" type="CollisionShape" parent="LowerWalls" index="6"]
transform = Transform( 0.869279, 0, 0.494321, 0, 1, 0, -0.494321, 0, 0.869279, 1.187, 1.1, 2.72 )
shape = SubResource( 5 )

[node name="CollisionShape8" type="CollisionShape" parent="LowerWalls" index="7"]
transform = Transform( 0.869279, 0, 0.494321, 0, 1, 0, -0.494321, 0, 0.869279, -1.187, 1.1, -2.72 )
shape = SubResource( 5 )

[node name="CollisionShape9" type="CollisionShape" parent="LowerWalls" index="8"]
transform = Transform( 1, 0, 0, 0, 1, 0, 0, 0, 1, 2.91718, 2.35, 0 )
shape = SubResource( 6 )

[node name="CollisionShape10" type="CollisionShape" parent="LowerWalls" index="9"]
transform = Transform( 1, 0, 0, 0, 1, 0, 0, 0, 1, -2.90138, 2.35, 0 )
shape = SubResource( 6 )

[node name="UpperWalls" type="StaticBody" parent="." index="5"]
transform = Transform( 0.5, 0, 0.866025, 0, 1, 0, -0.866025, 0, 0.5, 0, 2.4, 0 )
collision_layer = 19
collision_mask = 19

[node name="CollisionShape" type="CollisionShape" parent="UpperWalls" index="0"]
transform = Transform( 1, 0, 0, 0, 1, 0, 0, 0, 1, 2.92739, 1.1, 2.02383 )
shape = SubResource( 4 )

[node name="CollisionShape2" type="CollisionShape" parent="UpperWalls" index="1"]
transform = Transform( 1, 0, 0, 0, 1, 0, 0, 0, 1, -2.927, 1.1, 2.024 )
shape = SubResource( 4 )

[node name="CollisionShape3" type="CollisionShape" parent="UpperWalls" index="2"]
transform = Transform( 1, 0, 0, 0, 1, 0, 0, 0, 1, -2.927, 1.1, -2.024 )
shape = SubResource( 4 )

[node name="CollisionShape4" type="CollisionShape" parent="UpperWalls" index="3"]
transform = Transform( 1, 0, 0, 0, 1, 0, 0, 0, 1, 2.927, 1.1, -2.024 )
shape = SubResource( 4 )

[node name="CollisionShape5" type="CollisionShape" parent="UpperWalls" index="4"]
transform = Transform( -0.869279, 0, 0.494321, 0, 1, 0, -0.494321, 0, -0.869279, 1.18664, 1.1, -2.71954 )
shape = SubResource( 5 )

[node name="CollisionShape6" type="CollisionShape" parent="UpperWalls" index="5"]
transform = Transform( -0.869279, 0, 0.494321, 0, 1, 0, -0.494321, 0, -0.869279, -1.187, 1.1, 2.72 )
shape = SubResource( 5 )

[node name="CollisionShape7" type="CollisionShape" parent="UpperWalls" index="6"]
transform = Transform( 0.869279, 0, 0.494321, 0, 1, 0, -0.494321, 0, 0.869279, 1.187, 1.1, 2.72 )
shape = SubResource( 5 )

[node name="CollisionShape8" type="CollisionShape" parent="UpperWalls" index="7"]
transform = Transform( 0.869279, 0, 0.494321, 0, 1, 0, -0.494321, 0, 0.869279, -1.187, 1.1, -2.72 )
shape = SubResource( 5 )

[node name="CollisionShape9" type="CollisionShape" parent="UpperWalls" index="8"]
transform = Transform( 1, 0, 0, 0, 1, 0, 0, 0, 1, 2.91718, 2.35, 0 )
shape = SubResource( 6 )

[node name="CollisionShape10" type="CollisionShape" parent="UpperWalls" index="9"]
transform = Transform( 1, 0, 0, 0, 1, 0, 0, 0, 1, -2.90138, 2.35, 0 )
shape = SubResource( 6 )

[node name="LowerStairGuard" type="StaticBody" parent="." index="6"]

[node name="CollisionShape" type="CollisionShape" parent="LowerStairGuard" index="0"]
transform = Transform( 0.866025, 0, 0.5, 0, 1, 0, -0.5, 0, 0.866025, -0.654, 1.1, -1.14 )
shape = SubResource( 7 )

[node name="CollisionShape2" type="CollisionShape" parent="LowerStairGuard" index="1"]
transform = Transform( -4.37114e-08, 0, 1, 0, 1, 0, -1, 0, -4.37114e-08, -1.31069, 1.1, -1.35142e-11 )
shape = SubResource( 7 )

[node name="CollisionShape3" type="CollisionShape" parent="LowerStairGuard" index="2"]
transform = Transform( 0.866025, 0, -0.5, 0, 1, 0, 0.5, 0, 0.866025, -0.654, 1.1, 1.14 )
shape = SubResource( 7 )

[node name="UpperStairGuard" type="StaticBody" parent="." index="7"]
transform = Transform( 1, 0, 0, 0, 1, 0, 0, 0, 1, 0, 2.4, 0 )

[node name="CollisionShape" type="CollisionShape" parent="UpperStairGuard" index="0"]
transform = Transform( 0.866025, 0, 0.5, 0, 1, 0, -0.5, 0, 0.866025, -0.654, 1.1, -1.14 )
shape = SubResource( 7 )

[node name="CollisionShape2" type="CollisionShape" parent="UpperStairGuard" index="1"]
transform = Transform( -4.37114e-08, 0, 1, 0, 1, 0, -1, 0, -4.37114e-08, -1.31069, 1.1, -1.35142e-11 )
shape = SubResource( 7 )

[node name="CollisionShape3" type="CollisionShape" parent="UpperStairGuard" index="2"]
transform = Transform( 0.866025, 0, -0.5, 0, 1, 0, 0.5, 0, 0.866025, -0.654, 1.1, 1.14 )
shape = SubResource( 7 )

[node name="StairPole" type="StaticBody" parent="." index="8"]
collision_layer = 19
collision_mask = 19

[node name="CollisionShape" type="CollisionShape" parent="StairPole" index="0"]
transform = Transform( 1, 0, 0, 0, 1, 0, 0, 0, 1, 0, 2.3, 0 )
shape = SubResource( 3 )

[node name="StairSteps" type="Spatial" parent="." index="9"]

[node name="StairLeg1" type="StaticBody" parent="StairSteps" index="0"]
collision_layer = 19
collision_mask = 19

[node name="CollisionPolygon" type="CollisionPolygon" parent="StairSteps/StairLeg1" index="0"]
transform = Transform( 1, 0, 0, 0, -4.37114e-08, 1, 0, -1, -4.37114e-08, 0, -0.05, 0 )
depth = 0.1
polygon = PoolVector2Array( 0.0502191, -0.00711477, 1.28212, -0.169835, 1.28326, 0.16956, 0.0497432, 0.00612224 )

[node name="CollisionPolygon2" type="CollisionPolygon" parent="StairSteps/StairLeg1" index="1"]
transform = Transform( 0.965926, -0.258819, -1.13133e-08, 0, -4.37114e-08, 1, -0.258819, -0.965926, -4.2222e-08, 0, 0.05, 0 )
depth = 0.1
polygon = PoolVector2Array( 0.0502191, -0.00711477, 1.28212, -0.169835, 1.37501, 0.17951, 0.0498292, 0.00656983 )

[node name="CollisionPolygon3" type="CollisionPolygon" parent="StairSteps/StairLeg1" index="2"]
transform = Transform( 0.866025, -0.5, -2.18557e-08, 0, -4.37114e-08, 1, -0.5, -0.866025, -3.78552e-08, 0, 0.15, 0 )
depth = 0.1
polygon = PoolVector2Array( 0.0497205, -0.00676824, 1.37842, -0.179951, 1.48054, 0.000174887, 1.37911, 0.179104, 0.0495066, 0.00638267 )

[node name="CollisionPolygon4" type="CollisionPolygon" parent="StairSteps/StairLeg1" index="3"]
transform = Transform( 0.707107, -0.707107, -3.09086e-08, 0, -4.37114e-08, 1, -0.707107, -0.707107, -3.09086e-08, 0, 0.25, 0 )
depth = 0.1
polygon = PoolVector2Array( 0.0500158, -0.00701946, 1.37878, -0.182311, 1.2836, 0.168738, 0.0498292, 0.00656983 )

[node name="StairLeg2" type="StaticBody" parent="StairSteps" index="1"]
transform = Transform( 0.5, 0, 0.866025, 0, 1, 0, -0.866025, 0, 0.5, 0, 0.4, 0 )
collision_layer = 19
collision_mask = 19

[node name="CollisionPolygon" type="CollisionPolygon" parent="StairSteps/StairLeg2" index="0"]
transform = Transform( 1, 0, 0, 0, -4.37114e-08, 1, 0, -1, -4.37114e-08, 0, -0.05, 0 )
depth = 0.1
polygon = PoolVector2Array( 0.0502191, -0.00711477, 1.28212, -0.169835, 1.28326, 0.16956, 0.0497432, 0.00612224 )

[node name="CollisionPolygon2" type="CollisionPolygon" parent="StairSteps/StairLeg2" index="1"]
transform = Transform( 0.965926, -0.258819, -1.13133e-08, 0, -4.37114e-08, 1, -0.258819, -0.965926, -4.2222e-08, 0, 0.05, 0 )
depth = 0.1
polygon = PoolVector2Array( 0.0502191, -0.00711477, 1.28212, -0.169835, 1.37501, 0.17951, 0.0498292, 0.00656983 )

[node name="CollisionPolygon3" type="CollisionPolygon" parent="StairSteps/StairLeg2" index="2"]
transform = Transform( 0.866025, -0.5, -2.18557e-08, 0, -4.37114e-08, 1, -0.5, -0.866025, -3.78552e-08, 0, 0.15, 0 )
depth = 0.1
polygon = PoolVector2Array( 0.0497205, -0.00676824, 1.37842, -0.179951, 1.48054, 0.000174887, 1.37911, 0.179104, 0.0495066, 0.00638267 )

[node name="CollisionPolygon4" type="CollisionPolygon" parent="StairSteps/StairLeg2" index="3"]
transform = Transform( 0.707107, -0.707107, -3.09086e-08, 0, -4.37114e-08, 1, -0.707107, -0.707107, -3.09086e-08, 0, 0.25, 0 )
depth = 0.1
polygon = PoolVector2Array( 0.0500158, -0.00701946, 1.37878, -0.182311, 1.2836, 0.168738, 0.0498292, 0.00656983 )

[node name="StairLeg3" type="StaticBody" parent="StairSteps" index="2"]
transform = Transform( -0.5, 0, 0.866025, 0, 1, 0, -0.866025, 0, -0.5, 0, 0.8, 0 )
collision_layer = 19
collision_mask = 19

[node name="CollisionPolygon" type="CollisionPolygon" parent="StairSteps/StairLeg3" index="0"]
transform = Transform( 1, 0, 0, 0, -4.37114e-08, 1, 0, -1, -4.37114e-08, 0, -0.05, 0 )
depth = 0.1
polygon = PoolVector2Array( 0.0502191, -0.00711477, 1.28212, -0.169835, 1.28326, 0.16956, 0.0497432, 0.00612224 )

[node name="CollisionPolygon2" type="CollisionPolygon" parent="StairSteps/StairLeg3" index="1"]
transform = Transform( 0.965926, -0.258819, -1.13133e-08, 0, -4.37114e-08, 1, -0.258819, -0.965926, -4.2222e-08, 0, 0.05, 0 )
depth = 0.1
polygon = PoolVector2Array( 0.0502191, -0.00711477, 1.28212, -0.169835, 1.37501, 0.17951, 0.0498292, 0.00656983 )

[node name="CollisionPolygon3" type="CollisionPolygon" parent="StairSteps/StairLeg3" index="2"]
transform = Transform( 0.866025, -0.5, -2.18557e-08, 0, -4.37114e-08, 1, -0.5, -0.866025, -3.78552e-08, 0, 0.15, 0 )
depth = 0.1
polygon = PoolVector2Array( 0.0497205, -0.00676824, 1.37842, -0.179951, 1.48054, 0.000174887, 1.37911, 0.179104, 0.0495066, 0.00638267 )

[node name="CollisionPolygon4" type="CollisionPolygon" parent="StairSteps/StairLeg3" index="3"]
transform = Transform( 0.707107, -0.707107, -3.09086e-08, 0, -4.37114e-08, 1, -0.707107, -0.707107, -3.09086e-08, 0, 0.25, 0 )
depth = 0.1
polygon = PoolVector2Array( 0.0500158, -0.00701946, 1.37878, -0.182311, 1.2836, 0.168738, 0.0498292, 0.00656983 )

[node name="StairLeg4" type="StaticBody" parent="StairSteps" index="3"]
transform = Transform( -1, 0, -8.74228e-08, 0, 1, 0, 8.74228e-08, 0, -1, 0, 1.2, 0 )
collision_layer = 19
collision_mask = 19

[node name="CollisionPolygon" type="CollisionPolygon" parent="StairSteps/StairLeg4" index="0"]
transform = Transform( 1, 0, 0, 0, -4.37114e-08, 1, 0, -1, -4.37114e-08, 0, -0.05, 0 )
depth = 0.1
polygon = PoolVector2Array( 0.0502191, -0.00711477, 1.28212, -0.169835, 1.28326, 0.16956, 0.0497432, 0.00612224 )

[node name="CollisionPolygon2" type="CollisionPolygon" parent="StairSteps/StairLeg4" index="1"]
transform = Transform( 0.965926, -0.258819, -1.13133e-08, 0, -4.37114e-08, 1, -0.258819, -0.965926, -4.2222e-08, 0, 0.05, 0 )
depth = 0.1
polygon = PoolVector2Array( 0.0502191, -0.00711477, 1.28212, -0.169835, 1.37501, 0.17951, 0.0498292, 0.00656983 )

[node name="CollisionPolygon3" type="CollisionPolygon" parent="StairSteps/StairLeg4" index="2"]
transform = Transform( 0.866025, -0.5, -2.18557e-08, 0, -4.37114e-08, 1, -0.5, -0.866025, -3.78552e-08, 0, 0.15, 0 )
depth = 0.1
polygon = PoolVector2Array( 0.0497205, -0.00676824, 1.37842, -0.179951, 1.48054, 0.000174887, 1.37911, 0.179104, 0.0495066, 0.00638267 )

[node name="CollisionPolygon4" type="CollisionPolygon" parent="StairSteps/StairLeg4" index="3"]
transform = Transform( 0.707107, -0.707107, -3.09086e-08, 0, -4.37114e-08, 1, -0.707107, -0.707107, -3.09086e-08, 0, 0.25, 0 )
depth = 0.1
polygon = PoolVector2Array( 0.0500158, -0.00701946, 1.37878, -0.182311, 1.2836, 0.168738, 0.0498292, 0.00656983 )

[node name="StairLeg5" type="StaticBody" parent="StairSteps" index="4"]
transform = Transform( -0.5, 0, -0.866025, 0, 1, 0, 0.866025, 0, -0.5, 0, 1.6, 0 )
collision_layer = 19
collision_mask = 19

[node name="CollisionPolygon" type="CollisionPolygon" parent="StairSteps/StairLeg5" index="0"]
transform = Transform( 1, 0, 0, 0, -4.37114e-08, 1, 0, -1, -4.37114e-08, 0, -0.05, 0 )
depth = 0.1
polygon = PoolVector2Array( 0.0502191, -0.00711477, 1.28212, -0.169835, 1.28326, 0.16956, 0.0497432, 0.00612224 )

[node name="CollisionPolygon2" type="CollisionPolygon" parent="StairSteps/StairLeg5" index="1"]
transform = Transform( 0.965926, -0.258819, -1.13133e-08, 0, -4.37114e-08, 1, -0.258819, -0.965926, -4.2222e-08, 0, 0.05, 0 )
depth = 0.1
polygon = PoolVector2Array( 0.0502191, -0.00711477, 1.28212, -0.169835, 1.37501, 0.17951, 0.0498292, 0.00656983 )

[node name="CollisionPolygon3" type="CollisionPolygon" parent="StairSteps/StairLeg5" index="2"]
transform = Transform( 0.866025, -0.5, -2.18557e-08, 0, -4.37114e-08, 1, -0.5, -0.866025, -3.78552e-08, 0, 0.15, 0 )
depth = 0.1
polygon = PoolVector2Array( 0.0497205, -0.00676824, 1.37842, -0.179951, 1.48054, 0.000174887, 1.37911, 0.179104, 0.0495066, 0.00638267 )

[node name="CollisionPolygon4" type="CollisionPolygon" parent="StairSteps/StairLeg5" index="3"]
transform = Transform( 0.707107, -0.707107, -3.09086e-08, 0, -4.37114e-08, 1, -0.707107, -0.707107, -3.09086e-08, 0, 0.25, 0 )
depth = 0.1
polygon = PoolVector2Array( 0.0500158, -0.00701946, 1.37878, -0.182311, 1.2836, 0.168738, 0.0498292, 0.00656983 )

[node name="StairLeg6" type="StaticBody" parent="StairSteps" index="5"]
transform = Transform( 0.5, 0, -0.866025, 0, 1, 0, 0.866025, 0, 0.5, 0, 2, 0 )
collision_layer = 19
collision_mask = 19

[node name="CollisionPolygon" type="CollisionPolygon" parent="StairSteps/StairLeg6" index="0"]
transform = Transform( 1, 0, 0, 0, -4.37114e-08, 1, 0, -1, -4.37114e-08, 0, -0.05, 0 )
depth = 0.1
polygon = PoolVector2Array( 0.0502191, -0.00711477, 1.28212, -0.169835, 1.28326, 0.16956, 0.0497432, 0.00612224 )

[node name="CollisionPolygon2" type="CollisionPolygon" parent="StairSteps/StairLeg6" index="1"]
transform = Transform( 0.965926, -0.258819, -1.13133e-08, 0, -4.37114e-08, 1, -0.258819, -0.965926, -4.2222e-08, 0, 0.05, 0 )
depth = 0.1
polygon = PoolVector2Array( 0.0502191, -0.00711477, 1.28212, -0.169835, 1.37501, 0.17951, 0.0498292, 0.00656983 )

[node name="CollisionPolygon3" type="CollisionPolygon" parent="StairSteps/StairLeg6" index="2"]
transform = Transform( 0.866025, -0.5, -2.18557e-08, 0, -4.37114e-08, 1, -0.5, -0.866025, -3.78552e-08, 0, 0.15, 0 )
depth = 0.1
polygon = PoolVector2Array( 0.0497205, -0.00676824, 1.37842, -0.179951, 1.48054, 0.000174887, 1.37911, 0.179104, 0.0495066, 0.00638267 )

[node name="CollisionPolygon4" type="CollisionPolygon" parent="StairSteps/StairLeg6" index="3"]
transform = Transform( 0.707107, -0.707107, -3.09086e-08, 0, -4.37114e-08, 1, -0.707107, -0.707107, -3.09086e-08, 0, 0.25, 0 )
depth = 0.1
polygon = PoolVector2Array( 0.0500158, -0.00701946, 1.37878, -0.182311, 1.2836, 0.168738, 0.0498292, 0.00656983 )

[node name="StairLeg7" type="StaticBody" parent="StairSteps" index="6"]
transform = Transform( 1, 0, 0, 0, 1, 0, 0, 0, 1, 0, 2.4, 0 )
collision_layer = 19
collision_mask = 19

[node name="CollisionPolygon" type="CollisionPolygon" parent="StairSteps/StairLeg7" index="0"]
transform = Transform( 1, 0, 0, 0, -4.37114e-08, 1, 0, -1, -4.37114e-08, 0, -0.05, 0 )
depth = 0.1
polygon = PoolVector2Array( 0.0502191, -0.00711477, 1.28212, -0.169835, 1.28326, 0.16956, 0.0497432, 0.00612224 )

[node name="CollisionPolygon2" type="CollisionPolygon" parent="StairSteps/StairLeg7" index="1"]
transform = Transform( 0.965926, -0.258819, -1.13133e-08, 0, -4.37114e-08, 1, -0.258819, -0.965926, -4.2222e-08, 0, 0.05, 0 )
depth = 0.1
polygon = PoolVector2Array( 0.0502191, -0.00711477, 1.28212, -0.169835, 1.37501, 0.17951, 0.0498292, 0.00656983 )

[node name="CollisionPolygon3" type="CollisionPolygon" parent="StairSteps/StairLeg7" index="2"]
transform = Transform( 0.866025, -0.5, -2.18557e-08, 0, -4.37114e-08, 1, -0.5, -0.866025, -3.78552e-08, 0, 0.15, 0 )
depth = 0.1
polygon = PoolVector2Array( 0.0497205, -0.00676824, 1.37842, -0.179951, 1.48054, 0.000174887, 1.37911, 0.179104, 0.0495066, 0.00638267 )

[node name="CollisionPolygon4" type="CollisionPolygon" parent="StairSteps/StairLeg7" index="3"]
transform = Transform( 0.707107, -0.707107, -3.09086e-08, 0, -4.37114e-08, 1, -0.707107, -0.707107, -3.09086e-08, 0, 0.25, 0 )
depth = 0.1
polygon = PoolVector2Array( 0.0500158, -0.00701946, 1.37878, -0.182311, 1.2836, 0.168738, 0.0498292, 0.00656983 )

[node name="StairLeg8" type="StaticBody" parent="StairSteps" index="7"]
transform = Transform( 0.5, 0, 0.866025, 0, 1, 0, -0.866025, 0, 0.5, 0, 2.8, 0 )
collision_layer = 19
collision_mask = 19

[node name="CollisionPolygon" type="CollisionPolygon" parent="StairSteps/StairLeg8" index="0"]
transform = Transform( 1, 0, 0, 0, -4.37114e-08, 1, 0, -1, -4.37114e-08, 0, -0.05, 0 )
depth = 0.1
polygon = PoolVector2Array( 0.0502191, -0.00711477, 1.28212, -0.169835, 1.28326, 0.16956, 0.0497432, 0.00612224 )

[node name="CollisionPolygon2" type="CollisionPolygon" parent="StairSteps/StairLeg8" index="1"]
transform = Transform( 0.965926, -0.258819, -1.13133e-08, 0, -4.37114e-08, 1, -0.258819, -0.965926, -4.2222e-08, 0, 0.05, 0 )
depth = 0.1
polygon = PoolVector2Array( 0.0502191, -0.00711477, 1.28212, -0.169835, 1.37501, 0.17951, 0.0498292, 0.00656983 )

[node name="CollisionPolygon3" type="CollisionPolygon" parent="StairSteps/StairLeg8" index="2"]
transform = Transform( 0.866025, -0.5, -2.18557e-08, 0, -4.37114e-08, 1, -0.5, -0.866025, -3.78552e-08, 0, 0.15, 0 )
depth = 0.1
polygon = PoolVector2Array( 0.0497205, -0.00676824, 1.37842, -0.179951, 1.48054, 0.000174887, 1.37911, 0.179104, 0.0495066, 0.00638267 )

[node name="CollisionPolygon4" type="CollisionPolygon" parent="StairSteps/StairLeg8" index="3"]
transform = Transform( 0.707107, -0.707107, -3.09086e-08, 0, -4.37114e-08, 1, -0.707107, -0.707107, -3.09086e-08, 0, 0.25, 0 )
depth = 0.1
polygon = PoolVector2Array( 0.0500158, -0.00701946, 1.37878, -0.182311, 1.2836, 0.168738, 0.0498292, 0.00656983 )

[node name="StairLeg9" type="StaticBody" parent="StairSteps" index="8"]
transform = Transform( -0.5, 0, 0.866025, 0, 1, 0, -0.866025, 0, -0.5, 0, 3.2, 0 )
collision_layer = 19
collision_mask = 19

[node name="CollisionPolygon" type="CollisionPolygon" parent="StairSteps/StairLeg9" index="0"]
transform = Transform( 1, 0, 0, 0, -4.37114e-08, 1, 0, -1, -4.37114e-08, 0, -0.05, 0 )
depth = 0.1
polygon = PoolVector2Array( 0.0502191, -0.00711477, 1.28212, -0.169835, 1.28326, 0.16956, 0.0497432, 0.00612224 )

[node name="CollisionPolygon2" type="CollisionPolygon" parent="StairSteps/StairLeg9" index="1"]
transform = Transform( 0.965926, -0.258819, -1.13133e-08, 0, -4.37114e-08, 1, -0.258819, -0.965926, -4.2222e-08, 0, 0.05, 0 )
depth = 0.1
polygon = PoolVector2Array( 0.0502191, -0.00711477, 1.28212, -0.169835, 1.37501, 0.17951, 0.0498292, 0.00656983 )

[node name="CollisionPolygon3" type="CollisionPolygon" parent="StairSteps/StairLeg9" index="2"]
transform = Transform( 0.866025, -0.5, -2.18557e-08, 0, -4.37114e-08, 1, -0.5, -0.866025, -3.78552e-08, 0, 0.15, 0 )
depth = 0.1
polygon = PoolVector2Array( 0.0497205, -0.00676824, 1.37842, -0.179951, 1.48054, 0.000174887, 1.37911, 0.179104, 0.0495066, 0.00638267 )

[node name="CollisionPolygon4" type="CollisionPolygon" parent="StairSteps/StairLeg9" index="3"]
transform = Transform( 0.707107, -0.707107, -3.09086e-08, 0, -4.37114e-08, 1, -0.707107, -0.707107, -3.09086e-08, 0, 0.25, 0 )
depth = 0.1
polygon = PoolVector2Array( 0.0500158, -0.00701946, 1.37878, -0.182311, 1.2836, 0.168738, 0.0498292, 0.00656983 )

[node name="StairLeg10" type="StaticBody" parent="StairSteps" index="9"]
transform = Transform( -1, 0, -8.74228e-08, 0, 1, 0, 8.74228e-08, 0, -1, 0, 3.6, 0 )
collision_layer = 19
collision_mask = 19

[node name="CollisionPolygon" type="CollisionPolygon" parent="StairSteps/StairLeg10" index="0"]
transform = Transform( 1, 0, 0, 0, -4.37114e-08, 1, 0, -1, -4.37114e-08, 0, -0.05, 0 )
depth = 0.1
polygon = PoolVector2Array( 0.0502191, -0.00711477, 1.28212, -0.169835, 1.28326, 0.16956, 0.0497432, 0.00612224 )

[node name="CollisionPolygon2" type="CollisionPolygon" parent="StairSteps/StairLeg10" index="1"]
transform = Transform( 0.965926, -0.258819, -1.13133e-08, 0, -4.37114e-08, 1, -0.258819, -0.965926, -4.2222e-08, 0, 0.05, 0 )
depth = 0.1
polygon = PoolVector2Array( 0.0502191, -0.00711477, 1.28212, -0.169835, 1.37501, 0.17951, 0.0498292, 0.00656983 )

[node name="CollisionPolygon3" type="CollisionPolygon" parent="StairSteps/StairLeg10" index="2"]
transform = Transform( 0.866025, -0.5, -2.18557e-08, 0, -4.37114e-08, 1, -0.5, -0.866025, -3.78552e-08, 0, 0.15, 0 )
depth = 0.1
polygon = PoolVector2Array( 0.0497205, -0.00676824, 1.37842, -0.179951, 1.48054, 0.000174887, 1.37911, 0.179104, 0.0495066, 0.00638267 )

[node name="CollisionPolygon4" type="CollisionPolygon" parent="StairSteps/StairLeg10" index="3"]
transform = Transform( 0.707107, -0.707107, -3.09086e-08, 0, -4.37114e-08, 1, -0.707107, -0.707107, -3.09086e-08, 0, 0.25, 0 )
depth = 0.1
polygon = PoolVector2Array( 0.0500158, -0.00701946, 1.37878, -0.182311, 1.2836, 0.168738, 0.0498292, 0.00656983 )

[node name="StairLeg11" type="StaticBody" parent="StairSteps" index="10"]
transform = Transform( -0.5, 0, -0.866025, 0, 1, 0, 0.866025, 0, -0.5, 0, 4, 0 )
collision_layer = 19
collision_mask = 19

[node name="CollisionPolygon" type="CollisionPolygon" parent="StairSteps/StairLeg11" index="0"]
transform = Transform( 1, 0, 0, 0, -4.37114e-08, 1, 0, -1, -4.37114e-08, 0, -0.05, 0 )
depth = 0.1
polygon = PoolVector2Array( 0.0502191, -0.00711477, 1.28212, -0.169835, 1.28326, 0.16956, 0.0497432, 0.00612224 )

[node name="CollisionPolygon2" type="CollisionPolygon" parent="StairSteps/StairLeg11" index="1"]
transform = Transform( 0.965926, -0.258819, -1.13133e-08, 0, -4.37114e-08, 1, -0.258819, -0.965926, -4.2222e-08, 0, 0.05, 0 )
depth = 0.1
polygon = PoolVector2Array( 0.0502191, -0.00711477, 1.28212, -0.169835, 1.37501, 0.17951, 0.0498292, 0.00656983 )

[node name="CollisionPolygon3" type="CollisionPolygon" parent="StairSteps/StairLeg11" index="2"]
transform = Transform( 0.866025, -0.5, -2.18557e-08, 0, -4.37114e-08, 1, -0.5, -0.866025, -3.78552e-08, 0, 0.15, 0 )
depth = 0.1
polygon = PoolVector2Array( 0.0497205, -0.00676824, 1.37842, -0.179951, 1.48054, 0.000174887, 1.37911, 0.179104, 0.0495066, 0.00638267 )

[node name="CollisionPolygon4" type="CollisionPolygon" parent="StairSteps/StairLeg11" index="3"]
transform = Transform( 0.707107, -0.707107, -3.09086e-08, 0, -4.37114e-08, 1, -0.707107, -0.707107, -3.09086e-08, 0, 0.25, 0 )
depth = 0.1
polygon = PoolVector2Array( 0.0500158, -0.00701946, 1.37878, -0.182311, 1.2836, 0.168738, 0.0498292, 0.00656983 )

[node name="StairLeg12" type="StaticBody" parent="StairSteps" index="11"]
transform = Transform( 0.5, 0, -0.866025, 0, 1, 0, 0.866025, 0, 0.5, 0, 4.4, 0 )
collision_layer = 19
collision_mask = 19

[node name="CollisionPolygon" type="CollisionPolygon" parent="StairSteps/StairLeg12" index="0"]
transform = Transform( 1, 0, 0, 0, -4.37114e-08, 1, 0, -1, -4.37114e-08, 0, -0.05, 0 )
depth = 0.1
polygon = PoolVector2Array( 0.0502191, -0.00711477, 1.28212, -0.169835, 1.28326, 0.16956, 0.0497432, 0.00612224 )

[node name="CollisionPolygon2" type="CollisionPolygon" parent="StairSteps/StairLeg12" index="1"]
transform = Transform( 0.965926, -0.258819, -1.13133e-08, 0, -4.37114e-08, 1, -0.258819, -0.965926, -4.2222e-08, 0, 0.05, 0 )
depth = 0.1
polygon = PoolVector2Array( 0.0502191, -0.00711477, 1.28212, -0.169835, 1.37501, 0.17951, 0.0498292, 0.00656983 )

[node name="CollisionPolygon3" type="CollisionPolygon" parent="StairSteps/StairLeg12" index="2"]
transform = Transform( 0.866025, -0.5, -2.18557e-08, 0, -4.37114e-08, 1, -0.5, -0.866025, -3.78552e-08, 0, 0.15, 0 )
depth = 0.1
polygon = PoolVector2Array( 0.0497205, -0.00676824, 1.37842, -0.179951, 1.48054, 0.000174887, 1.37911, 0.179104, 0.0495066, 0.00638267 )

[node name="CollisionPolygon4" type="CollisionPolygon" parent="StairSteps/StairLeg12" index="3"]
transform = Transform( 0.707107, -0.707107, -3.09086e-08, 0, -4.37114e-08, 1, -0.707107, -0.707107, -3.09086e-08, 0, 0.25, 0 )
depth = 0.1
polygon = PoolVector2Array( 0.0500158, -0.00701946, 1.37878, -0.182311, 1.2836, 0.168738, 0.0498292, 0.00656983 )

[node name="LowerRoomArea" type="Area" parent="." index="10"]
collision_layer = 8
collision_mask = 8
script = ExtResource( 6 )

[node name="CollisionShape" type="CollisionShape" parent="LowerRoomArea" index="0"]
shape = SubResource( 8 )

[node name="UpperRoomArea" type="Area" parent="." index="11"]
transform = Transform( 1, 0, 0, 0, 1, 0, 0, 0, 1, 0, 2.4, 0 )
collision_layer = 8
collision_mask = 8
script = ExtResource( 6 )

[node name="CollisionShape" type="CollisionShape" parent="UpperRoomArea" index="0"]
shape = SubResource( 8 )

[node name="FloorBooks" type="Spatial" parent="." index="12"]
script = ExtResource( 7 )
